2.70E-02
2.70E-02
2.70E-02
2.70E-02
2.70E-02
2.73E-02
2.78E-02
2.83E-02
2.82E-02
2.73E-02
2.63E-02
2.59E-02
2.58E-02
2.58E-02
2.56E-02
2.53E-02
2.53E-02
2.57E-02
2.61E-02
2.59E-02
2.60E-02
2.70E-02
2.78E-02
2.77E-02
2.75E-02
2.81E-02
2.90E-02
2.97E-02
3.02E-02
3.07E-02
3.14E-02
3.26E-02
3.38E-02
3.48E-02
3.57E-02
3.71E-02
3.88E-02
4.08E-02
4.25E-02
4.34E-02
4.45E-02
4.66E-02
4.89E-02
5.09E-02
5.26E-02
5.44E-02
5.61E-02
5.75E-02
5.89E-02
6.04E-02
6.20E-02
6.34E-02
6.45E-02
6.53E-02
6.61E-02
6.68E-02
6.73E-02
6.76E-02
6.78E-02
6.83E-02
6.90E-02
6.98E-02
7.06E-02
7.15E-02
7.23E-02
7.29E-02
7.38E-02
7.49E-02
7.60E-02
7.70E-02
7.78E-02
7.82E-02
7.85E-02
7.87E-02
7.88E-02
7.91E-02
7.93E-02
7.93E-02
7.93E-02
7.96E-02
8.00E-02
8.03E-02
8.05E-02
8.06E-02
8.07E-02
8.11E-02
8.16E-02
8.18E-02
8.20E-02
8.21E-02
8.23E-02
8.25E-02
8.30E-02
8.37E-02
8.42E-02
8.41E-02
8.38E-02
8.40E-02
8.45E-02
8.49E-02
8.51E-02
8.50E-02
8.49E-02
8.48E-02
8.49E-02
8.50E-02
8.52E-02
8.54E-02
8.58E-02
8.64E-02
8.70E-02
8.74E-02
8.77E-02
8.87E-02
8.97E-02
9.02E-02
9.05E-02
9.12E-02
9.20E-02
9.28E-02
9.36E-02
9.46E-02
9.57E-02
9.67E-02
9.75E-02
9.84E-02
9.93E-02
1.00E-01
1.01E-01
1.02E-01
1.02E-01
1.02E-01
1.01E-01
1.01E-01
1.01E-01
1.02E-01
1.02E-01
1.03E-01
1.03E-01
1.04E-01
1.04E-01
1.05E-01
1.05E-01
1.05E-01
1.06E-01
1.07E-01
1.08E-01
1.08E-01
1.07E-01
1.08E-01
1.09E-01
1.09E-01
1.09E-01
1.10E-01
1.10E-01
1.11E-01
1.12E-01
1.12E-01
1.13E-01
1.14E-01
1.14E-01
1.14E-01
1.15E-01
1.16E-01
1.17E-01
1.17E-01
1.17E-01
1.18E-01
1.19E-01
1.19E-01
1.19E-01
1.20E-01
1.20E-01
1.21E-01
1.21E-01
1.21E-01
1.21E-01
1.22E-01
1.22E-01
1.22E-01
1.22E-01
1.21E-01
1.21E-01
1.22E-01
1.22E-01
1.23E-01
1.23E-01
1.23E-01
1.24E-01
1.24E-01
1.25E-01
1.25E-01
1.25E-01
1.26E-01
1.26E-01
1.27E-01
1.27E-01
1.27E-01
1.27E-01
1.27E-01
1.27E-01
1.27E-01
1.28E-01
1.28E-01
1.28E-01
1.28E-01
1.28E-01
1.28E-01
1.28E-01
1.28E-01
1.28E-01
1.28E-01
1.28E-01
1.27E-01
1.27E-01
1.27E-01
1.27E-01
1.27E-01
1.27E-01
1.27E-01
1.27E-01
1.27E-01
1.27E-01
1.27E-01
1.27E-01
1.27E-01
1.26E-01
1.27E-01
1.27E-01
1.27E-01
1.27E-01
1.26E-01
1.26E-01
1.26E-01
1.26E-01
1.27E-01
1.27E-01
1.27E-01
1.26E-01
1.26E-01
1.25E-01
1.25E-01
1.25E-01
1.25E-01
1.25E-01
1.25E-01
1.25E-01
1.25E-01
1.25E-01
1.25E-01
1.24E-01
1.24E-01
1.24E-01
1.24E-01
1.24E-01
1.24E-01
1.23E-01
1.23E-01
1.23E-01
1.23E-01
1.22E-01
1.22E-01
1.22E-01
1.22E-01
1.22E-01
1.22E-01
1.22E-01
1.21E-01
1.21E-01
1.20E-01
1.20E-01
1.20E-01
1.20E-01
1.20E-01
1.20E-01
1.20E-01
1.19E-01
1.19E-01
1.19E-01
1.18E-01
1.18E-01
1.18E-01
1.18E-01
1.18E-01
1.17E-01
1.17E-01
1.17E-01
1.16E-01
1.16E-01
1.16E-01
1.16E-01
1.16E-01
1.16E-01
1.16E-01
1.16E-01
1.15E-01
1.15E-01
1.15E-01
1.15E-01
1.15E-01
1.14E-01
1.14E-01
1.14E-01
1.14E-01
1.14E-01
1.14E-01
1.14E-01
1.13E-01
1.13E-01
1.13E-01
1.13E-01
1.13E-01
1.13E-01
1.12E-01
1.12E-01
1.12E-01
1.11E-01
1.11E-01
1.11E-01
1.11E-01
1.12E-01
1.12E-01
1.12E-01
1.11E-01
1.11E-01
1.11E-01
1.11E-01
1.11E-01
1.10E-01
1.10E-01
1.10E-01
1.10E-01
1.10E-01
1.09E-01
1.09E-01
1.09E-01
1.09E-01
1.09E-01
1.09E-01
1.09E-01
1.09E-01
1.09E-01
1.09E-01
1.09E-01
1.08E-01
1.08E-01
1.08E-01
1.08E-01
1.08E-01
1.08E-01
1.07E-01
1.07E-01
1.08E-01
1.08E-01
1.07E-01
1.07E-01
1.07E-01
1.07E-01
1.07E-01
1.07E-01
1.07E-01
1.07E-01
1.06E-01
1.06E-01
1.06E-01
1.06E-01
1.06E-01
1.06E-01
1.06E-01
1.06E-01
1.06E-01
1.06E-01
1.06E-01
1.05E-01
1.05E-01
1.05E-01
1.05E-01
1.05E-01
1.05E-01
1.05E-01
1.05E-01
1.05E-01
1.05E-01
1.05E-01
1.05E-01
1.05E-01
1.05E-01
1.05E-01
1.05E-01
1.05E-01
1.05E-01
1.05E-01
1.05E-01
1.05E-01
1.05E-01
1.05E-01
1.05E-01
1.06E-01
1.06E-01
1.06E-01
1.05E-01
1.05E-01
1.06E-01
1.06E-01
1.06E-01
1.06E-01
1.06E-01
1.06E-01
1.07E-01
1.06E-01
1.06E-01
1.06E-01
1.07E-01
1.07E-01
1.07E-01
1.07E-01
1.07E-01
1.07E-01
1.08E-01
1.08E-01
1.08E-01
1.08E-01
1.08E-01
1.09E-01
1.09E-01
1.09E-01
1.09E-01
1.10E-01
1.10E-01
1.10E-01
1.09E-01
1.09E-01
1.10E-01
1.10E-01
1.11E-01
1.11E-01
1.11E-01
1.11E-01
1.11E-01
1.12E-01
1.13E-01
1.13E-01
1.13E-01
1.13E-01
1.14E-01
1.15E-01
1.15E-01
1.16E-01
1.16E-01
1.16E-01
1.17E-01
1.17E-01
1.18E-01
1.18E-01
1.19E-01
1.19E-01
1.20E-01
1.20E-01
1.21E-01
1.22E-01
1.22E-01
1.23E-01
1.23E-01
1.24E-01
1.25E-01
1.25E-01
1.26E-01
1.26E-01
1.27E-01
1.27E-01
1.27E-01
1.28E-01
1.28E-01
1.29E-01
1.29E-01
1.29E-01
1.28E-01
1.28E-01
1.29E-01
1.30E-01
1.30E-01
1.30E-01
1.30E-01
1.29E-01
1.28E-01
1.25E-01
1.24E-01
1.24E-01
1.25E-01
1.26E-01
1.26E-01
1.26E-01
1.25E-01
1.25E-01
1.25E-01
1.26E-01
1.26E-01
1.27E-01
1.27E-01
1.27E-01
1.27E-01
1.26E-01
1.26E-01
1.27E-01
1.30E-01
1.31E-01
1.31E-01
1.31E-01
1.31E-01
1.31E-01
1.31E-01
1.32E-01
1.33E-01
1.33E-01
1.33E-01
1.33E-01
1.33E-01
1.34E-01
1.35E-01
1.35E-01
1.35E-01
1.34E-01
1.34E-01
1.36E-01
1.37E-01
1.37E-01
1.36E-01
1.37E-01
1.38E-01
1.39E-01
1.39E-01
1.39E-01
1.40E-01
1.39E-01
1.39E-01
1.39E-01
1.40E-01
1.40E-01
1.41E-01
1.42E-01
1.42E-01
1.42E-01
1.42E-01
1.43E-01
1.44E-01
1.44E-01
1.43E-01
1.43E-01
1.43E-01
1.45E-01
1.46E-01
1.47E-01
1.47E-01
1.47E-01
1.47E-01
1.48E-01
1.48E-01
1.48E-01
1.49E-01
1.50E-01
1.51E-01
1.51E-01
1.51E-01
1.51E-01
1.52E-01
1.52E-01
1.52E-01
1.53E-01
1.55E-01
1.55E-01
1.56E-01
1.56E-01
1.57E-01
1.58E-01
1.60E-01
1.59E-01
1.59E-01
1.59E-01
1.60E-01
1.61E-01
1.62E-01
1.63E-01
1.65E-01
1.65E-01
1.65E-01
1.66E-01
1.67E-01
1.68E-01
1.68E-01
1.69E-01
1.71E-01
1.72E-01
1.73E-01
1.73E-01
1.73E-01
1.74E-01
1.75E-01
1.76E-01
1.77E-01
1.78E-01
1.80E-01
1.81E-01
1.82E-01
1.83E-01
1.83E-01
1.84E-01
1.85E-01
1.86E-01
1.88E-01
1.89E-01
1.90E-01
1.91E-01
1.92E-01
1.93E-01
1.94E-01
1.95E-01
1.96E-01
1.97E-01
1.99E-01
2.00E-01
2.02E-01
2.03E-01
2.03E-01
2.03E-01
2.04E-01
2.05E-01
2.07E-01
2.08E-01
2.09E-01
2.11E-01
2.13E-01
2.14E-01
2.14E-01
2.15E-01
2.17E-01
2.18E-01
2.20E-01
2.20E-01
2.21E-01
2.23E-01
2.24E-01
2.25E-01
2.25E-01
2.26E-01
2.27E-01
2.29E-01
2.31E-01
2.33E-01
2.34E-01
2.35E-01
2.36E-01
2.37E-01
2.38E-01
2.39E-01
2.40E-01
2.41E-01
2.43E-01
2.43E-01
2.43E-01
2.44E-01
2.46E-01
2.47E-01
2.48E-01
2.49E-01
2.50E-01
2.51E-01
2.51E-01
2.51E-01
2.52E-01
2.53E-01
2.50E-01
2.42E-01
2.34E-01
2.32E-01
2.35E-01
2.41E-01
2.47E-01
2.52E-01
2.56E-01
2.60E-01
2.63E-01
2.66E-01
2.67E-01
2.68E-01
2.70E-01
2.72E-01
2.74E-01
2.75E-01
2.77E-01
2.78E-01
2.79E-01
2.80E-01
2.81E-01
2.82E-01
2.82E-01
2.83E-01
2.84E-01
2.86E-01
2.88E-01
2.87E-01
2.87E-01
2.88E-01
2.90E-01
2.91E-01
2.92E-01
2.93E-01
2.93E-01
2.93E-01
2.93E-01
2.96E-01
2.99E-01
3.00E-01
3.00E-01
3.00E-01
3.01E-01
3.01E-01
3.02E-01
3.02E-01
3.03E-01
3.05E-01
3.06E-01
3.07E-01
3.08E-01
3.09E-01
3.11E-01
3.12E-01
3.12E-01
3.13E-01
3.14E-01
3.14E-01
3.14E-01
3.16E-01
3.18E-01
3.18E-01
3.19E-01
3.22E-01
3.24E-01
3.24E-01
3.24E-01
3.24E-01
3.25E-01
3.26E-01
3.27E-01
3.28E-01
3.29E-01
3.30E-01
3.31E-01
3.31E-01
3.32E-01
3.33E-01
3.35E-01
3.37E-01
3.38E-01
3.38E-01
3.37E-01
3.38E-01
3.40E-01
3.42E-01
3.43E-01
3.43E-01
3.43E-01
3.45E-01
3.46E-01
3.46E-01
3.47E-01
3.48E-01
3.50E-01
3.51E-01
3.51E-01
3.51E-01
3.52E-01
3.54E-01
3.55E-01
3.55E-01
3.55E-01
3.56E-01
3.57E-01
3.58E-01
3.59E-01
3.60E-01
3.61E-01
3.60E-01
3.61E-01
3.62E-01
3.64E-01
3.64E-01
3.66E-01
3.68E-01
3.70E-01
3.70E-01
3.70E-01
3.70E-01
3.71E-01
3.71E-01
3.72E-01
3.71E-01
3.72E-01
3.75E-01
3.78E-01
3.78E-01
3.78E-01
3.78E-01
3.78E-01
3.77E-01
3.78E-01
3.79E-01
3.81E-01
3.81E-01
3.81E-01
3.83E-01
3.85E-01
3.86E-01
3.86E-01
3.86E-01
3.86E-01
3.87E-01
3.88E-01
3.88E-01
3.88E-01
3.90E-01
3.91E-01
3.90E-01
3.89E-01
3.90E-01
3.91E-01
3.92E-01
3.92E-01
3.93E-01
3.94E-01
3.95E-01
3.95E-01
3.94E-01
3.94E-01
3.97E-01
4.00E-01
4.00E-01
3.99E-01
3.99E-01
3.99E-01
4.00E-01
4.00E-01
3.99E-01
3.99E-01
4.00E-01
4.00E-01
4.00E-01
3.99E-01
4.00E-01
4.02E-01
4.03E-01
4.03E-01
4.03E-01
4.03E-01
4.03E-01
4.04E-01
4.05E-01
4.06E-01
4.05E-01
4.05E-01
4.06E-01
4.07E-01
4.03E-01
3.99E-01
4.00E-01
4.01E-01
4.00E-01
3.99E-01
4.01E-01
4.04E-01
4.05E-01
4.04E-01
4.05E-01
4.05E-01
4.05E-01
4.04E-01
4.06E-01
4.07E-01
4.07E-01
4.06E-01
4.07E-01
4.08E-01
4.07E-01
4.07E-01
4.07E-01
4.06E-01
4.05E-01
4.05E-01
4.07E-01
4.08E-01
4.04E-01
4.00E-01
3.97E-01
3.96E-01
3.94E-01
3.90E-01
3.83E-01
3.73E-01
3.60E-01
3.45E-01
3.32E-01
3.18E-01
3.01E-01
2.88E-01
2.84E-01
2.85E-01
2.89E-01
2.99E-01
3.18E-01
3.39E-01
3.53E-01
3.61E-01
3.66E-01
3.68E-01
3.68E-01
3.66E-01
3.59E-01
3.48E-01
3.32E-01
3.20E-01
3.18E-01
3.28E-01
3.47E-01
3.56E-01
3.63E-01
3.68E-01
3.70E-01
3.70E-01
3.69E-01
3.67E-01
3.67E-01
3.66E-01
3.67E-01
3.68E-01
3.70E-01
3.72E-01
3.74E-01
3.76E-01
3.77E-01
3.79E-01
3.80E-01
3.81E-01
3.82E-01
3.83E-01
3.83E-01
3.82E-01
3.81E-01
3.81E-01
3.81E-01
3.82E-01
3.84E-01
