0.2
0.202947368
0.205894737
0.208842105
0.211789474
0.214736842
0.217684211
0.220631579
0.223578947
0.226526316
0.229473684
0.232421053
0.235368421
0.238315789
0.241263158
0.244210526
0.247157895
0.250105263
0.253052632
0.256
0.258947368
0.261894737
0.264842105
0.267789474
0.270736842
0.273684211
0.276631579
0.279578947
0.282526316
0.285473684
0.288421053
0.291368421
0.294315789
0.297263158
0.300210526
0.303157895
0.306105263
0.309052632
0.312
0.314947368
0.317894737
0.320842105
0.323789474
0.326736842
0.329684211
0.332631579
0.335578947
0.338526316
0.341473684
0.344421053
0.347368421
0.350315789
0.353263158
0.356210526
0.359157895
0.362105263
0.365052632
0.368
0.370947368
0.373894737
0.376842105
0.379789474
0.382736842
0.385684211
0.388631579
0.391578947
0.394526316
0.397473684
0.400421053
0.403368421
0.406315789
0.409263158
0.412210526
0.415157895
0.418105263
0.421052632
0.424
0.426947368
0.429894737
0.432842105
0.435789474
0.438736842
0.441684211
0.444631579
0.447578947
0.450526316
0.453473684
0.456421053
0.459368421
0.462315789
0.465263158
0.468210526
0.471157895
0.474105263
0.477052632
0.48
0.482947368
0.485894737
0.488842105
0.491789474
0.494736842
0.497684211
0.500631579
0.503578947
0.506526316
0.509473684
0.512421053
0.515368421
0.518315789
0.521263158
0.524210526
0.527157895
0.530105263
0.533052632
0.536
0.538947368
0.541894737
0.544842105
0.547789474
0.550736842
0.553684211
0.556631579
0.559578947
0.562526316
0.565473684
0.568421053
0.571368421
0.574315789
0.577263158
0.580210526
0.583157895
0.586105263
0.589052632
0.592
0.594947368
0.597894737
0.600842105
0.603789474
0.606736842
0.609684211
0.612631579
0.615578947
0.618526316
0.621473684
0.624421053
0.627368421
0.630315789
0.633263158
0.636210526
0.639157895
0.642105263
0.645052632
0.648
0.650947368
0.653894737
0.656842105
0.659789474
0.662736842
0.665684211
0.668631579
0.671578947
0.674526316
0.677473684
0.680421053
0.683368421
0.686315789
0.689263158
0.692210526
0.695157895
0.698105263
0.701052632
0.704
0.706947368
0.709894737
0.712842105
0.715789474
0.718736842
0.721684211
0.724631579
0.727578947
0.730526316
0.733473684
0.736421053
0.739368421
0.742315789
0.745263158
0.748210526
0.751157895
0.754105263
0.757052632
0.76
0.762947368
0.765894737
0.768842105
0.771789474
0.774736842
0.777684211
0.780631579
0.783578947
0.786526316
0.789473684
0.792421053
0.795368421
0.798315789
0.801263158
0.804210526
0.807157895
0.810105263
0.813052632
0.816
0.818947368
0.821894737
0.824842105
0.827789474
0.830736842
0.833684211
0.836631579
0.839578947
0.842526316
0.845473684
0.848421053
0.851368421
0.854315789
0.857263158
0.860210526
0.863157895
0.866105263
0.869052632
0.872
0.874947368
0.877894737
0.880842105
0.883789474
0.886736842
0.889684211
0.892631579
0.895578947
0.898526316
0.901473684
0.904421053
0.907368421
0.910315789
0.913263158
0.916210526
0.919157895
0.922105263
0.925052632
0.928
0.930947368
0.933894737
0.936842105
0.939789474
0.942736842
0.945684211
0.948631579
0.951578947
0.954526316
0.957473684
0.960421053
0.963368421
0.966315789
0.969263158
0.972210526
0.975157895
0.978105263
0.981052632
0.984
0.986947368
0.989894737
0.992842105
0.995789474
0.998736842
1.001684211
1.004631579
1.007578947
1.010526316
1.013473684
1.016421053
1.019368421
1.022315789
1.025263158
1.028210526
1.031157895
1.034105263
1.037052632
1.04
1.042947368
1.045894737
1.048842105
1.051789474
1.054736842
1.057684211
1.060631579
1.063578947
1.066526316
1.069473684
1.072421053
1.075368421
1.078315789
1.081263158
1.084210526
1.087157895
1.090105263
1.093052632
1.096
1.098947368
1.101894737
1.104842105
1.107789474
1.110736842
1.113684211
1.116631579
1.119578947
1.122526316
1.125473684
1.128421053
1.131368421
1.134315789
1.137263158
1.140210526
1.143157895
1.146105263
1.149052632
1.152
1.154947368
1.157894737
1.160842105
1.163789474
1.166736842
1.169684211
1.172631579
1.175578947
1.178526316
1.181473684
1.184421053
1.187368421
1.190315789
1.193263158
1.196210526
1.199157895
1.202105263
1.205052632
1.208
1.210947368
1.213894737
1.216842105
1.219789474
1.222736842
1.225684211
1.228631579
1.231578947
1.234526316
1.237473684
1.240421053
1.243368421
1.246315789
1.249263158
1.252210526
1.255157895
1.258105263
1.261052632
1.264
1.266947368
1.269894737
1.272842105
1.275789474
1.278736842
1.281684211
1.284631579
1.287578947
1.290526316
1.293473684
1.296421053
1.299368421
1.302315789
1.305263158
1.308210526
1.311157895
1.314105263
1.317052632
1.32
1.322947368
1.325894737
1.328842105
1.331789474
1.334736842
1.337684211
1.340631579
1.343578947
1.346526316
1.349473684
1.352421053
1.355368421
1.358315789
1.361263158
1.364210526
1.367157895
1.370105263
1.373052632
1.376
1.378947368
1.381894737
1.384842105
1.387789474
1.390736842
1.393684211
1.396631579
1.399578947
1.402526316
1.405473684
1.408421053
1.411368421
1.414315789
1.417263158
1.420210526
1.423157895
1.426105263
1.429052632
1.432
1.434947368
1.437894737
1.440842105
1.443789474
1.446736842
1.449684211
1.452631579
1.455578947
1.458526316
1.461473684
1.464421053
1.467368421
1.470315789
1.473263158
1.476210526
1.479157895
1.482105263
1.485052632
1.488
1.490947368
1.493894737
1.496842105
1.499789474
1.502736842
1.505684211
1.508631579
1.511578947
1.514526316
1.517473684
1.520421053
1.523368421
1.526315789
1.529263158
1.532210526
1.535157895
1.538105263
1.541052632
1.544
1.546947368
1.549894737
1.552842105
1.555789474
1.558736842
1.561684211
1.564631579
1.567578947
1.570526316
1.573473684
1.576421053
1.579368421
1.582315789
1.585263158
1.588210526
1.591157895
1.594105263
1.597052632
1.6
1.602947368
1.605894737
1.608842105
1.611789474
1.614736842
1.617684211
1.620631579
1.623578947
1.626526316
1.629473684
1.632421053
1.635368421
1.638315789
1.641263158
1.644210526
1.647157895
1.650105263
1.653052632
1.656
1.658947368
1.661894737
1.664842105
1.667789474
1.670736842
1.673684211
1.676631579
1.679578947
1.682526316
1.685473684
1.688421053
1.691368421
1.694315789
1.697263158
1.700210526
1.703157895
1.706105263
1.709052632
1.712
1.714947368
1.717894737
1.720842105
1.723789474
1.726736842
1.729684211
1.732631579
1.735578947
1.738526316
1.741473684
1.744421053
1.747368421
1.750315789
1.753263158
1.756210526
1.759157895
1.762105263
1.765052632
1.768
1.770947368
1.773894737
1.776842105
1.779789474
1.782736842
1.785684211
1.788631579
1.791578947
1.794526316
1.797473684
1.800421053
1.803368421
1.806315789
1.809263158
1.812210526
1.815157895
1.818105263
1.821052632
1.824
1.826947368
1.829894737
1.832842105
1.835789474
1.838736842
1.841684211
1.844631579
1.847578947
1.850526316
1.853473684
1.856421053
1.859368421
1.862315789
1.865263158
1.868210526
1.871157895
1.874105263
1.877052632
1.88
1.882947368
1.885894737
1.888842105
1.891789474
1.894736842
1.897684211
1.900631579
1.903578947
1.906526316
1.909473684
1.912421053
1.915368421
1.918315789
1.921263158
1.924210526
1.927157895
1.930105263
1.933052632
1.936
1.938947368
1.941894737
1.944842105
1.947789474
1.950736842
1.953684211
1.956631579
1.959578947
1.962526316
1.965473684
1.968421053
1.971368421
1.974315789
1.977263158
1.980210526
1.983157895
1.986105263
1.989052632
1.992
1.994947368
1.997894737
2.000842105
2.003789474
2.006736842
2.009684211
2.012631579
2.015578947
2.018526316
2.021473684
2.024421053
2.027368421
2.030315789
2.033263158
2.036210526
2.039157895
2.042105263
2.045052632
2.048
2.050947368
2.053894737
2.056842105
2.059789474
2.062736842
2.065684211
2.068631579
2.071578947
2.074526316
2.077473684
2.080421053
2.083368421
2.086315789
2.089263158
2.092210526
2.095157895
2.098105263
2.101052632
2.104
2.106947368
2.109894737
2.112842105
2.115789474
2.118736842
2.121684211
2.124631579
2.127578947
2.130526316
2.133473684
2.136421053
2.139368421
2.142315789
2.145263158
2.148210526
2.151157895
2.154105263
2.157052632
2.16
2.162947368
2.165894737
2.168842105
2.171789474
2.174736842
2.177684211
2.180631579
2.183578947
2.186526316
2.189473684
2.192421053
2.195368421
2.198315789
2.201263158
2.204210526
2.207157895
2.210105263
2.213052632
2.216
2.218947368
2.221894737
2.224842105
2.227789474
2.230736842
2.233684211
2.236631579
2.239578947
2.242526316
2.245473684
2.248421053
2.251368421
2.254315789
2.257263158
2.260210526
2.263157895
2.266105263
2.269052632
2.272
2.274947368
2.277894737
2.280842105
2.283789474
2.286736842
2.289684211
2.292631579
2.295578947
2.298526316
2.301473684
2.304421053
2.307368421
2.310315789
2.313263158
2.316210526
2.319157895
2.322105263
2.325052632
2.328
2.330947368
2.333894737
2.336842105
2.339789474
2.342736842
2.345684211
2.348631579
2.351578947
2.354526316
2.357473684
2.360421053
2.363368421
2.366315789
2.369263158
2.372210526
2.375157895
2.378105263
2.381052632
2.384
2.386947368
2.389894737
2.392842105
2.395789474
2.398736842
2.401684211
2.404631579
2.407578947
2.410526316
2.413473684
2.416421053
2.419368421
2.422315789
2.425263158
2.428210526
2.431157895
2.434105263
2.437052632
2.44
2.442947368
2.445894737
2.448842105
2.451789474
2.454736842
2.457684211
2.460631579
2.463578947
2.466526316
2.469473684
2.472421053
2.475368421
2.478315789
2.481263158
2.484210526
2.487157895
2.490105263
2.493052632
2.496
2.498947368
2.501894737
2.504842105
2.507789474
2.510736842
2.513684211
2.516631579
2.519578947
2.522526316
2.525473684
2.528421053
2.531368421
2.534315789
2.537263158
2.540210526
2.543157895
2.546105263
2.549052632
2.552
2.554947368
2.557894737
2.560842105
2.563789474
2.566736842
2.569684211
2.572631579
2.575578947
2.578526316
2.581473684
2.584421053
2.587368421
2.590315789
2.593263158
2.596210526
2.599157895
2.602105263
2.605052632
2.608
2.610947368
2.613894737
2.616842105
2.619789474
2.622736842
2.625684211
2.628631579
2.631578947
2.634526316
2.637473684
2.640421053
2.643368421
2.646315789
2.649263158
2.652210526
2.655157895
2.658105263
2.661052632
2.664
2.666947368
2.669894737
2.672842105
2.675789474
2.678736842
2.681684211
2.684631579
2.687578947
2.690526316
2.693473684
2.696421053
2.699368421
2.702315789
2.705263158
2.708210526
2.711157895
2.714105263
2.717052632
2.72
2.722947368
2.725894737
2.728842105
2.731789474
2.734736842
2.737684211
2.740631579
2.743578947
2.746526316
2.749473684
2.752421053
2.755368421
2.758315789
2.761263158
2.764210526
2.767157895
2.770105263
2.773052632
2.776
2.778947368
2.781894737
2.784842105
2.787789474
2.790736842
2.793684211
2.796631579
2.799578947
2.802526316
2.805473684
2.808421053
2.811368421
2.814315789
2.817263158
2.820210526
2.823157895
2.826105263
2.829052632
2.832
2.834947368
2.837894737
2.840842105
2.843789474
2.846736842
2.849684211
2.852631579
2.855578947
2.858526316
2.861473684
2.864421053
2.867368421
2.870315789
2.873263158
2.876210526
2.879157895
2.882105263
2.885052632
2.888
2.890947368
2.893894737
2.896842105
2.899789474
2.902736842
2.905684211
2.908631579
2.911578947
2.914526316
2.917473684
2.920421053
2.923368421
2.926315789
2.929263158
2.932210526
2.935157895
2.938105263
2.941052632
2.944
2.946947368
2.949894737
2.952842105
2.955789474
2.958736842
2.961684211
2.964631579
2.967578947
2.970526316
2.973473684
2.976421053
2.979368421
2.982315789
2.985263158
2.988210526
2.991157895
2.994105263
2.997052632
